8;1;12/06/2017;5;6;7;3;
8;2;12/06/2017;7;8;9;1;
10;1;12/06/2017;7;8;9;1;
10;2;12/06/2017;5;6;7;3;
9;1;12/06/2017;6;7;8;2;
9;2;12/06/2017;6;7;8;2;
15;1;01/01/1990;4;7;6;3;
15;2;01/01/1990;8;3;2;2;
25;1;01/01/1990;2;7;5;5;
25;2;01/01/1990;0;8;1;5;
26;1;01/01/1990;9;9;8;1;
26;2;01/01/1990;10;4;9;1;
20;1;01/01/1990;8;9;4;2;
20;2;01/01/1990;4;2;5;3;
16;1;01/01/1990;6;6;5;6;
14;1;01/01/1990;6;5;8;4;
14;2;01/01/1990;1;7;5;4;
7;1;05/11/2017;8;9;10;1;
7;2;05/11/2017;5;6;7;4;
4;1;05/11/2017;5;6;7;4;
4;2;05/11/2017;8;9;10;1;
6;1;05/11/2017;7;8;9;2;
6;2;05/11/2017;6;7;8;3;
5;1;05/11/2017;6;7;8;3;
5;2;05/11/2017;7;8;9;2;
11;1;17/10/2018;0;0;4;5;
11;2;17/10/2018;0;3;3;5;
23;1;17/10/2018;10;10;7;1;
23;2;17/10/2018;10;6;0;2;
3;1;12/11/2017;7;8;9;1;
3;2;12/11/2017;5;6;7;3;
3;1;17/10/2018;3;1;8;3;
3;2;17/10/2018;9;9;7;1;
1;1;12/11/2017;5;6;7;3;
1;2;12/11/2017;7;8;9;1;
1;1;17/10/2018;5;10;9;2;
1;2;17/10/2018;3;0;5;4;
2;1;12/11/2017;6;7;8;2;
2;2;12/11/2017;6;7;8;2;
2;1;17/10/2018;2;8;0;4;
2;2;17/10/2018;3;5;10;3;